
14.856705                      
15.010306                      
15.049551                      
14.947693                      
15.137409                      
15.152200                      
15.190606                      
15.296250                      
15.223865                      
15.387625                      
15.343762                      
15.468351                      
15.526548                      
15.542301                      
15.684598                      
15.736066                      
15.747158                      
15.837682                      
15.946586                      
16.038860                      
16.114484                      
16.155194                      
16.269606                      
16.368751                      
16.526298                      
16.493879                      
16.704259                      
16.769218                      
16.895618                      
16.993666                      
17.075013                      
17.239754                      
17.307515                      
17.507205                      
17.570865                      
17.790697                      
18.055232                      
18.153598                      
18.342210                      
18.505550                      
18.780903                      
19.011029                      
19.247208                      
19.432926                      
19.645792                      
20.014512                      
20.272562                      
20.748330                      
21.171941                      
21.629084                      
22.095791                      
22.296187                      
22.702718                      
23.365396                      
24.103935                      
25.151080                      
26.004458                      
27.879967                      
30.010386                      
420.440258                      
1511.363315                      
1656.969286                      
1194.168996                      
1330.341351                      
1553.691819                      
1268.453783                      
1845.600176                      
1923.180692                      
1656.134849                      
